 1 ( 10.0  15.0 ) 4000.0 Casa Campo
 2 ( 20.0 20.0 ) 4000.0 Principe Pio
 3 ( 20.0 30.0 ) 4000.0 Arguelles
 4 ( 40.0 10.0 ) 4000.0 Pacifico
 5 ( 65.0  5.0 ) 4000.0 Estrella
 6 ( 55.0 20.0 ) 4000.0 Sainz Baranda
 7 ( 65.0 30.0 ) 4000.0 Manuel Becerra
 8 ( 40.0 30.0 ) 4000.0 Alonso Martinez
 9 ( 60.0 50.0 ) 4000.0 Avenida America
10 ( 40.0 55.0 ) 4000.0 Nuevos Ministerios
11 ( 60.0 60.0 ) 4000.0 Colombia
12 ( 40.0 70.0 ) 4000.0 Plaza Castilla
13 ( 70.0 55.0 ) 4000.0 Prosperidad
14 ( 30.0 75.0 ) 4000.0 Paco de Lucia
15 ( 45.0 75.0 ) 4000.0 Chamartin
16 ( 55.0 33.0 ) 4000.0 Principe Vergara
17 ( 55.0 42.0 ) 4000.0 Nunez Balboa
18 ( 64.0 40.0 ) 4000.0 Diego Leon
19 ( 43.0 47.0 ) 4000.0 Gregorio Maranon
20 ( 25.0 50.0 ) 4000.0 Guzman Bueno
21 ( 75.0 40.0 ) 4000.0 Quintana
22 ( 85.0 37.0 ) 4000.0 Las Musas
23 ( 30.0 45.0 ) 4000.0 Islas Filipinas
24 ( 20.0 70.0 ) 4000.0 Pitis
25 ( 85.0 50.0 ) 4000.0 Alameda Osuna
26 ( 30.0 7.0  ) 4000.0 Oporto
27 ( 20.0 10.0 ) 4000.0 Carabanchel
28 ( 10.0 5.0 )  4000.0 Colonia Jardin
.
6 128 128 128
10 9 3000.0
9 18 3000.0
18 7 3000.0
7 6 3000.0
6 4 3000.0
4 26 3000.0
26 2 3000.0
2 3 3000.0
3 20 3000.0
10 20 3000.0
.
9 150 0 255
14 12 3000.0
12 11 3000.0
11 9 3000.0
9 17 3000.0
16 16 3000.0
17 6 3000.0
6 5 3000.0
.
4 137 81 43
13 9 3000.0
9 18 3000.0
18 8 3000.0
8 3 3000.0
.
10 0 0 255
15 12 3000.0
12 10 3000.0
10 19 3000.0
19 8 3000.0
8 2 3000.0
2 1 3000.0
1 28 3000.0
.
7 255 200 0
24 20 3000.0
20 23 3000.0
23 19 3000.0
19 9  3000.0
9  21 3000.0
21 22 3000.0
.
5 0 200 200
25 21 3000.0
21 18 3000.0
18 17 3000.0
17 8  3000.0
8  26 3000.0
26 27 3000.0
27 1 3000.0
.